Helmut.asc
ncols 241
nrows 191
xllcorner 753500
yllcorner 7104500
cellsize 1000
nodata_value 1.00000000000000002E+30
[rows 152 to 170 of 191, columns 88 to 131 of 241]
87435.7344000000012 86817.7109000000055 86194.1094000000012 85568.5155999999988 84950.6405999999988 84341.9296999999933 83733.1561999999976 83118.9530999999988 82500.2421999999933 81880.4140999999945 81260.3671999999933 80640.375 80025.75 79416.1953000000067 78804.5938000000024 78189.5938000000024 77573.7188000000024 76957.4844000000012 76341.5311999999976 75726.2030999999988 75110.4688000000024 74494.8203000000067 73881.1094000000012 73269.3438000000024 72656.4296999999933 72039.6953000000067 71421.5155999999988 70805.8671999999933 70192.9296999999933 69582.5311999999976 68975.0703000000067 68366.3438000000024 67749.9140999999945 67123.9061999999976 66496.0859000000055 65877 65266.4061999999976 64657.6875 64047.7422000000006 63436.5702999999994 62824.5233999999982 62211.3672000000006 61596.2733999999982 60978.2188000000024
86647.5780999999988 86029.5469000000012 85407.1875 84782.3828000000067 84164.75 83555.7734000000055 82946.6561999999976 82333.2811999999976 81716.8125 81099.2811999999976 80480.3594000000012 79860.1328000000067 79244.3594000000012 78632.6796999999933 78018.5155999999988 77402.4061999999976 76787.6015999999945 76173.9765999999945 75559.9375 74943.625 74326.2421999999933 73711.5938000000024 73100.0234000000055 72488.4688000000024 71874.0234000000055 71256.9061999999976 70641.0780999999988 70028.5155999999988 69417.7890999999945 68808.7578000000067 68200.7969000000012 67588.5780999999988 66966.6405999999988 66337.4609000000055 65710.9219000000012 65093.4922000000006 64482.2460999999967 63872.3945000000022 63262.4219000000012 62652.2148000000016 62041.25 61428.0391000000018 60811.7422000000006 60193.8202999999994
85860.4061999999976 85242.5469000000012 84621.2344000000012 83997.1328000000067 83379.7811999999976 82770.6094000000012 82161.1719000000012 81548.4061999999976 80933.4921999999933 80317.0078000000067 79698.2344000000012 79078.3515999999945 78462.2188000000024 77848.4140999999945 77232.7734000000055 76616.9688000000024 76003.375 75392.2811999999976 74780.2188000000024 74163 73544.2421999999933 72930.0469000000012 72319.1484000000055 71706.8046999999933 71091.2109000000055 70474.9530999999988 69862.1405999999988 69252.3984000000055 68642.625 68032.1875 67420.2890999999945 66802.4375 66175.9375 65546.9921999999933 64924.6835999999967 64310.0820000000022 63698.7577999999994 63088.3358999999982 62478.5 61868.6405999999988 61257.6132999999973 60643.3358999999982 60025.4257999999973 59407.8710999999967
85074.2188000000024 84457.2188000000024 83836.5625 83212.9609000000055 82595.6015999999945 81985.9530999999988 81376.3125 80763.9530999999988 80149.3515999999945 79532.4219000000012 78913.3125 78294.0938000000024 77677.4609000000055 77061.6719000000012 76446.2265999999945 75832.8984000000055 75221.6796999999933 74612.375 74000.7578000000067 73382.8905999999988 72764.1015999999945 72150.1796999999933 71538.8280999999988 70925.7811999999976 70310.4375 69696.1405999999988 69085.8438000000024 68477.2811999999976 67866.0234000000055 67251.2344000000012 66633.2969000000012 66010.1405999999988 65382.7891000000018 64758.4530999999988 64141.5469000000012 63529.0391000000018 62917.4960999999967 62306.9922000000006 61697.7070000000022 61087.6757999999973 60474.8358999999982 59858.1719000000012 59239.4297000000006 58623.1405999999988
84288.4844000000012 83672.5311999999976 83052.5155999999988 82430.1171999999933 81812.7655999999988 81202.0234000000055 80592.1719000000012 79980.3984000000055 79365.7188000000024 78747.8594000000012 78128.125 77508.4219000000012 76890.2890999999945 76273.8828000000067 75660.2421999999933 75049.5938000000024 74440.7109000000055 73832.4061999999976 73220.2265999999945 72602.25 71984.6953000000067 71371.5155999999988 70759.5546999999933 70146.1484000000055 69532.0469000000012 68919.2734000000055 68308.9375 67699.0155999999988 67085.3359000000055 66466.875 65844.7811999999976 65218.8632999999973 64593.1641000000018 63974.2030999999988 63361.125 62749.3867000000027 62138.0155999999988 61527.9023000000016 60918.3516000000018 60306.6835999999967 59690.8905999999988 59072.25 58454.7108999999982 57841.0117000000027
83503.1328000000067 82888.0625 82268.8280999999988 81648.3125 81031.5155999999988 80419.6094000000012 79809.4140999999945 79198.625 78584.2811999999976 77965.1719000000012 77343.625 76721.6561999999976 76101.4765999999945 75486.1094000000012 74875.7188000000024 74267.1875 73658.9219000000012 73050.0311999999976 72437.2188000000024 71820.4921999999933 71205.2655999999988 70592.7421999999933 69979.7344000000012 69366.2811999999976 68753.2811999999976 68140.2344000000012 67527.8280999999988 66915.9061999999976 66301.0780999999988 65682.1094000000012 65059.5311999999976 64433.3516000000018 63809.4492000000027 63193.3438000000024 62581.3438000000024 61969.4570000000022 61358.4530999999988 60748.5195000000022 60137.5155999999988 59522.7969000000012 58903.8554999999978 58284.7811999999976 57670.4530999999988 57060.6210999999967
82717.8125 82104 81485.7109000000055 80866.6094000000012 80250.3280999999988 79637.5469000000012 79026.7655999999988 78416.3280999999988 77802.125 77181.8984000000055 76558.0703000000067 75933.5 75312.5390999999945 74699.7734000000055 74093.0311999999976 73485.9688000000024 72876.6484000000055 72265.6405999999988 71651.9609000000055 71037.2030999999988 70424.5469000000012 69811.8515999999945 69197.3905999999988 68584.2344000000012 67972.1561999999976 67358.6640999999945 66745.1561999999976 66132.1719000000012 65516.8358999999982 64898.4061999999976 64276.7929999999978 63652.0938000000024 63030.0702999999994 62414.6992000000027 61802.3007999999973 61190.1601999999984 60579.0195000000022 59968.25 59355.1641000000018 58736.9766000000018 58115.1367000000027 57496.6641000000018 56886.1210999999967 56280.5858999999982
81931.0625 81319.1561999999976 80702.875 80084.7969000000012 79468.1719000000012 78854.3594000000012 78242.625 77631.3203000000067 77016.6796999999933 76396.2265999999945 75771.3280999999988 75145.9609000000055 74527.1094000000012 73917.9375 73312.9844000000012 72705.7421999999933 72094.6015999999945 71480.8125 70865.8594000000012 70252.5546999999933 69641.3828000000067 69028.0780999999988 68412.9453000000067 67800.4765999999945 67189.1953000000067 66576.25 65963.4530999999988 65350.4766000000018 64734.5625 64116.0664000000033 63495.2108999999982 62872.4804999999978 62252.3867000000027 61637.2577999999994 61024.4922000000006 60412.3594000000012 59800.4219000000012 59187.3280999999988 58570.7030999999988 57948.5702999999994 57325.3164000000033 56709.2969000000012 56102.3047000000006 55500.0664000000033
81143.1640999999945 80533.0469000000012 79918.9530999999988 79301.875 78684.8515999999945 78069.7734000000055 77457.1015999999945 76845.1328000000067 76229.9140999999945 75609.0859000000055 74983.4921999999933 74359.3515999999945 73745.2578000000067 73139.7655999999988 72534.5625 71925.9219000000012 71312.8828000000067 70696.0155999999988 70079.3125 69466.5469000000012 68855.6875 68242.3594000000012 67628.1875 67016.6328000000067 66405.7030999999988 65793.5311999999976 65181.9219000000012 64569.5702999999994 63953.7070000000022 63335.1132999999973 62714.4688000000024 62092.9804999999978 61474.5938000000024 60860.3280999999988 60247.5898000000016 59635.1641000000018 59021.9608999999982 58405.5039000000033 57783.2969000000012 57156.8085999999967 56534.7539000000033 55923.4061999999976 55320.3438000000024 54721.2460999999967
80356.0859000000055 79746.875 79133.4061999999976 78516.5234000000055 77899.5155999999988 77283.8594000000012 76671.0469000000012 76059.1405999999988 75443.0311999999976 74820.9688000000024 74195.4688000000024 73574.4219000000012 72964.9140999999945 72361.2734000000055 71754.9453000000067 71144.9530999999988 70530.1171999999933 69910.2188000000024 69291.7344000000012 68678.9140999999945 68068.0234000000055 67455.8280999999988 66843.875 66233.5 65622.8515999999945 65011.125 64399.6483999999982 63787.4960999999967 63172.6952999999994 62554.5233999999982 61933.4570000000022 61312.8358999999982 60696.4922000000006 60083.5351999999984 59470.7929999999978 58857.5311999999976 58242.9804999999978 57622.9335999999967 56994.0664000000033 56363.7811999999976 55744.6679999999978 55138.1641000000018 54539.3516000000018 53944.2188000000024
79570.9530999999988 78961.3280999999988 78346.4296999999933 77728.4530999999988 77111.8280999999988 76497.1015999999945 75884.6719000000012 75272.0390999999945 74654.5703000000067 74032.2811999999976 73409.3828000000067 72792.7188000000024 72185.3438000000024 71580.4844000000012 70972.5859000000055 70361.8438000000024 69745.3280999999988 69123.0938000000024 68503.8438000000024 67891.0390999999945 67280.3046999999933 66669.7811999999976 66060.2734000000055 65451.3516000000018 64841.3554999999978 64229.7891000000018 63617.3476999999984 63004.8905999999988 62391.7108999999982 61774.0077999999994 61152.1405999999988 60532.8202999999994 59918.8905999999988 59306.9608999999982 58694.0273000000016 58079.7070000000022 57463.1561999999976 56838.4922000000006 56203.3125 55571.2655999999988 54955.2695000000022 54351.7733999999982 53756.2188000000024 53164.9492000000027
78787.5 78176.0625 77558.6171999999933 76939.2969000000012 76323.3905999999988 75710.0625 75097.1875 74482.5155999999988 73864.4061999999976 73244.125 72625.1953000000067 72012.3984000000055 71405.2421999999933 70797.8515999999945 70188.5469000000012 69577.4609000000055 68959.8984000000055 68336.4844000000012 67717.0703000000067 67104.3671999999933 66494.1405999999988 65885.4219000000012 65278.0702999999994 64670.4414000000033 64061.2304999999978 63449.9335999999967 62836.7030999999988 62223.7382999999973 61610.6327999999994 60992.3672000000006 60370.8007999999973 59753.9688000000024 59142.5311999999976 58531.4804999999978 57918.1367000000027 57302.5273000000016 56683.0429999999978 56052.4922000000006 55412.5507999999973 54781.3085999999967 54167.8516000000018 53565 52970.3827999999994 52382.0311999999976
78004.3828000000067 77390.5780999999988 76770.9530999999988 76151.1484000000055 75535.7969000000012 74922.6640999999945 74308.4921999999933 73692.3359000000055 73074.9844000000012 72457.5234000000055 71842.0155999999988 71231.4844000000012 70623.3594000000012 70013.7655999999988 69403.4453000000067 68791.8203000000067 68174.3438000000024 67551.5780999999988 66932.3828000000067 66319.5078000000067 65709.8671999999933 65102.9648000000016 64497.2969000000012 63890.6132999999973 63282.2226999999984 62671.125 62057.3516000000018 61443.3358999999982 60827.9844000000012 60208.5429999999978 59589.4844000000012 58976.4766000000018 58367.2422000000006 57756.5195000000022 57142.2695000000022 56525.4452999999994 55903.5625 55268.4766000000018 54625.9648000000016 53996.1327999999994 53384.0742000000027 52780.3867000000027 52184.3476999999984 51596.9766000000018
77220.4219000000012 76604.3984000000055 75983.1875 75363.4219000000012 74748.0311999999976 74134.2109000000055 73519.6561999999976 72903.9375 72287.6171999999933 71671.7969000000012 71058.3359000000055 70448.4219000000012 69839.0859000000055 69228.3280999999988 68617.125 68004.7344000000012 67388.3280999999988 66768.1796999999933 66150.2734000000055 65536.9061999999976 64927.2226999999984 64321.4570000000022 63717.0039000000033 63111.4297000000006 62503.7969000000012 61892.3164000000033 61277.7539000000033 60662.3516000000018 60044.5938000000024 59424.9141000000018 58809.4023000000016 58199.9492000000027 57591.4297000000006 56979.7773000000016 56364.6327999999994 55747.2148000000016 55123.6405999999988 54486.0039000000033 53843.3047000000006 53215.4141000000018 52604.0233999999982 51998.9688000000024 51400.0547000000006 50810.8827999999994
76435.1719000000012 75817.1094000000012 75194.8359000000055 74575.2109000000055 73959.5546999999933 73345.3984000000055 72731.3125 72116.2265999999945 71500.0469000000012 70884.5 70271.75 69662.0469000000012 69053.1719000000012 68443.2421999999933 67831.9844000000012 67219.6015999999945 66604.5155999999988 65986.2969000000012 65369.25 64755.5702999999994 64145.5311999999976 63539.9452999999994 62936.3672000000006 62331.7226999999984 61724.0117000000027 61111.8398000000016 60496.4688000000024 59879.2733999999982 59259.9023000000016 58641.6172000000006 58029.4882999999973 57421.6405999999988 56812.4804999999978 56200.4335999999967 55585.7108999999982 54967.7891000000018 54341.0311999999976 53700.2891000000018 53059.8320000000022 52436.7070000000022 51826.6914000000033 51220.1094000000012 50617.4219000000012 50024.5429999999978
75648.7811999999976 75029.9453000000067 74408.2265999999945 73789.0469000000012 73173.1094000000012 72558.5 71943.75 71328 70711.6561999999976 70096.2265999999945 69483.7265999999945 68875.1405999999988 68268.5078000000067 67660.4061999999976 67050.0469000000012 66438.8828000000067 65824.8280999999988 65206.3516000000018 64588.6327999999994 63974.7773000000016 63364.4219000000012 62758.3164000000033 62154.8125 61549.7030999999988 60939.9844000000012 60325.9375 59709.5858999999982 59091.25 58472.0077999999994 57856.6679999999978 57247.3827999999994 56639.9492000000027 56030.8125 55420.2188000000024 54806.7460999999967 54186.9414000000033 53554.2030999999988 52910.1016000000018 52274.9688000000024 51658.6952999999994 51050.3047000000006 50442.0702999999994 49835.8438000000024 49240.5702999999994
74861.9219000000012 74243.8438000000024 73624.3438000000024 73005.7344000000012 72388.9688000000024 71772.9688000000024 71156.6719000000012 70540.3280999999988 69924.0390999999945 69308.7969000000012 68697.4375 68091.1561999999976 67486.375 66878.7109000000055 66268.8594000000012 65659.0469000000012 65045.8554999999978 64427.0273000000016 63808.5780999999988 63194.2382999999973 62583.1952999999994 61976.2733999999982 61372.1094000000012 60765.0077999999994 60150.8554999999978 59532.6914000000033 58915.2266000000018 58298.6016000000018 57683.8047000000006 57073.4101999999984 56466.0742000000027 55858.5664000000033 55250.3827999999994 54641.5429999999978 54028.0469000000012 53403.7148000000016 52763.7773000000016 52119.3085999999967 51491.9219000000012 50881.2108999999982 50272.9335999999967 49662.6016000000018 49055.6210999999967 48462.7969000000012
74074.625 73456.625 72838.5780999999988 72220.0078000000067 71602.1561999999976 70985.2188000000024 70368.4530999999988 69752.2344000000012 69136.1405999999988 68521.6094000000012 67912.5625 67308.7188000000024 66704.4844000000012 66096.125 65485.9023000000016 64876.4570000000022 64264.2811999999976 63646.2695000000022 63027.6405999999988 62412.6914000000033 61800.9452999999994 61193.4570000000022 60588.7577999999994 59979.3516000000018 59360.6016000000018 58739.4297000000006 58123.0195000000022 57510.2266000000018 56901.3202999999994 56295.6210999999967 55688.8438000000024 55080.4375 54472.8905999999988 53865 53249.4297000000006 52618.25 51973.2070000000022 51332.8398000000016 50712.1327999999994 50103.1445000000022 49493.875 48883.3202999999994 48279.6210999999967 47691.25
73287.1094000000012 72668.0234000000055 72049.4609000000055 71430.0311999999976 70811.7030999999988 70195.3125 69579.2265999999945 68963.2030999999988 68347.6561999999976 67734.9375 67128.2344000000012 66525.4765999999945 65921.2344000000012 65313.1094000000012 64702.9452999999994 64093.2108999999982 63481.4414000000033 62863.9608999999982 62245.0233999999982 61629.6327999999994 61017.7070000000022 60410.2460999999967 59805.6797000000006 59196.3085999999967 58578.0391000000018 57958.3672000000006 57344.2070000000022 56733.625 56126.5 55521.3710999999967 54913.5039000000033 54304.1719000000012 53696.7733999999982 53087.9297000000006 52467.5117000000027 51829.4335999999967 51184.1641000000018 50550.8632999999973 49934.1914000000033 49324.6016000000018 48715.5742000000027 48108.0273000000016 47507.9608999999982 46920.0820000000022
