Helmut.asc
ncols 241
nrows 191
xllcorner 753500
yllcorner 7104500
cellsize 1000
nodata_value 1.00000000000000002E+30
[rows 57 to 75 of 191, columns 176 to 219 of 241]
101522.718800000002 100809.140599999999 100096.265599999999 99383.1405999999988 98668.9530999999988 97953.5780999999988 97237.6328000000067 96521.2344000000012 95802.8515999999945 95083.4921999999933 94366.3905999999988 93651.8359000000055 92938.0938000000024 92224.6171999999933 91512.5078000000067 90802.3438000000024 90094.9061999999976 89388.0234000000055 88676.3828000000067 87959.9140999999945 87241.6015999999945 86523.0625 85805.0938000000024 85088.9765999999945 84374.7421999999933 83660.5703000000067 82948.3438000000024 82242.0938000000024 81541.6328000000067 80839.2030999999988 80124.2421999999933 79394.5780999999988 78656.8203000000067 77916.9688000000024 77179.7265999999945 76450.0780999999988 75729.7188000000024 75014.2578000000067 74291.6015999999945 73555.7578000000067 72815.2969000000012 72076.6875 71335.4453000000067 70591.3671999999933
100824.507800000007 100109.851599999995 99396.5938000000024 98684.1405999999988 97970.9609000000055 97256.4140999999945 96541.3594000000012 95825.7811999999976 95108.2811999999976 94389.125 93670.8438000000024 92954.7811999999976 92240.3905999999988 91527.25 90815.4375 90104.8280999999988 89397.6719000000012 88692.9844000000012 87983.9688000000024 87267.7734000000055 86547.3594000000012 85827.9530999999988 85111.1719000000012 84395.6875 83681.0390999999945 82966.8125 82254.7655999999988 81546.9609000000055 80842.9765999999945 80141.3203000000067 79434.9375 78714.1640999999945 77980.25 77241.6328000000067 76505.3125 75775.4219000000012 75052.5155999999988 74335.9375 73616.1719000000012 72883.5546999999933 72144.8905999999988 71407.3359000000055 70666.3984000000055 69921.4453000000067
100127.4375 99412.1719000000012 98698.5625 97986.4765999999945 97274.2109000000055 96560.5625 95846.1328000000067 95130.9844000000012 94414.7811999999976 93696.7188000000024 92977.1405999999988 92258.6561999999976 91543.0780999999988 90830.2344000000012 90118.9530999999988 89408.375 88701.4530999999988 87998.4296999999933 87291.8438000000024 86576.0703000000067 85853.8280999999988 85133.4921999999933 84417.5469000000012 83703.4844000000012 82990.5625 82277.4921999999933 81564.9609000000055 80854.8905999999988 80146.8438000000024 79440.6484000000055 78734.2421999999933 78022.0625 77299.75 76566.8203000000067 75831.1719000000012 75100.375 74374.0311999999976 73653.4530999999988 72933.4453000000067 72203.8905999999988 71467.7109000000055 70730.6796999999933 69990.6719000000012 69247.2265999999945
99431.5311999999976 98716.2109000000055 98002.2890999999945 97289.9530999999988 96577.6796999999933 95864.6796999999933 95151 94436.1094000000012 93720.7655999999988 93003.8594000000012 92283.2655999999988 91562.3828000000067 90845.7890999999945 90132.7734000000055 89421.3046999999933 88711.1953000000067 88005.3438000000024 87303.625 86598.1405999999988 85883.2811999999976 85161.3905999999988 84440.1875 83724.0311999999976 83011.8438000000024 82301.3515999999945 81589.1640999999945 80875.5469000000012 80163.3046999999933 79452.5311999999976 78742.4609000000055 78031.7811999999976 77320.5155999999988 76608.3594000000012 75888.2811999999976 75157.8280999999988 74425.9375 73697.9061999999976 72973.5311999999976 72249.9530999999988 71520.5546999999933 70785.4609000000055 70048.7890999999945 69309.9530999999988 68569.0311999999976
98736.7344000000012 98021.7578000000067 97307.1561999999976 96593.7969000000012 95881.2265999999945 95168.3905999999988 94454.6561999999976 93739.5 93023.9061999999976 92307.3515999999945 91586.8828000000067 90865.2265999999945 90148.0703000000067 89434.9375 88723.3359000000055 88013.75 87308.9296999999933 86607.2734000000055 85901.0469000000012 85187.7109000000055 84468.9688000000024 83748.0780999999988 83031.3905999999988 82320.5780999999988 81611.5 80899.625 80184.9375 79470.8125 78758.375 78045.9609000000055 77332.4530999999988 76619.4296999999933 75908.875 75198.6405999999988 74480.5625 73752.7109000000055 73023.8125 72297.0938000000024 71569.7890999999945 70838.7265999999945 70103.7969000000012 69367.4921999999933 68629.4844000000012 67890.9061999999976
98043.7344000000012 97328.9844000000012 96613.5 95898.7811999999976 95185.2344000000012 94471.8125 93757.7030999999988 93042.1719000000012 92325.8280999999988 91608.1796999999933 90887.5078000000067 90166.8438000000024 89450.4609000000055 88737.7421999999933 88026.4375 87317.2344000000012 86612.2969000000012 85908.9061999999976 85200.6875 84488.2109000000055 83773.6171999999933 83055.9061999999976 82339.5859000000055 81628.5780999999988 80919.8046999999933 80208.375 79493.3359000000055 78777.8280999999988 78063.6094000000012 77349.4921999999933 76635.1405999999988 75921.3125 75209.2265999999945 74500.7655999999988 73792.0155999999988 73075.0546999999933 72348.8359000000055 71619.5938000000024 70890.5155999999988 70159.7188000000024 69426.6796999999933 68691.4688000000024 67955.0625 67218.6875
97353.0625 96639 95923.5546999999933 95207.75 94492.1484000000055 93777.4375 93063.4375 92347.8515999999945 91630.0703000000067 90909.7344000000012 90187.7890999999945 89468.5155999999988 88753.625 88041.2030999999988 87330.3515999999945 86622.1561999999976 85916.5546999999933 85210.2578000000067 84499.5390999999945 83786.6094000000012 83074.8438000000024 82361.7969000000012 81647.2734000000055 80935.3671999999933 80226.2655999999988 79515.8203000000067 78801.7890999999945 78085.8438000000024 77370 76654.8125 75940.3594000000012 75225.6561999999976 74512.2578000000067 73803.4609000000055 73096.3280999999988 72386.5546999999933 71669.6953000000067 70943.0469000000012 70213.4844000000012 69485.8125 68756.8046999999933 68024.1561999999976 67289.9530999999988 66553.8359000000055
96664.0859000000055 95952.125 95237.8280999999988 94520.9530999999988 93802.6719000000012 93085.6719000000012 92370.5938000000024 91654.4296999999933 90935.0703000000067 90212.3515999999945 89489.6405999999988 88771.4765999999945 88057.8125 87345.8359000000055 86635.2890999999945 85927.5469000000012 85221.0234000000055 84512.2188000000024 83799.6094000000012 83086.4453000000067 82376.1719000000012 81666.2890999999945 80954.2421999999933 80242.1171999999933 79532.0546999999933 78822.7655999999988 78111.0546999999933 77396.0625 76679.8828000000067 75964.375 75249.5703000000067 74533.9844000000012 73819.6561999999976 73109.4530999999988 72400.2969000000012 71690.6719000000012 70980.875 70265.0625 69541.625 68817.0234000000055 68091.6171999999933 67362.8905999999988 66630.7030999999988 65893.3905999999988
95976.0078000000067 95266.5469000000012 94553.2344000000012 93835.0234000000055 93113.7734000000055 92393.3828000000067 91675.9453000000067 90959.125 90239.5625 89516.4688000000024 88794.0390999999945 88077.0155999999988 87364.4219000000012 86652.9061999999976 85941.6561999999976 85232.2734000000055 84524.3828000000067 83814.75 83102.2969000000012 82390.1875 81680.6094000000012 80971.7030999999988 80261.3203000000067 79549.4375 78838.5155999999988 78130.0780999999988 77420.7811999999976 76708 75993.0234000000055 75277.3671999999933 74561.6094000000012 73846.1561999999976 73131.9609000000055 72418.6796999999933 71705.6796999999933 70995.1015999999945 70286.4765999999945 69577.6015999999945 68866.8280999999988 68149.0625 67425.1719000000012 66699.2421999999933 65968.5859000000055 65232.7422000000006
95285.0625 94577.5469000000012 93865.1561999999976 93145.8280999999988 92421.5311999999976 91698.0234000000055 90979.8515999999945 90264.1561999999976 89545.9765999999945 88824.0390999999945 88102.4921999999933 87386.1875 86673.6875 85962.3359000000055 85251.1405999999988 84540.0469000000012 83829.7344000000012 83119.0703000000067 82407.2811999999976 81696.0311999999976 80986.8125 80278.6719000000012 79569.4688000000024 78858.25 78147.2969000000012 77438.8594000000012 76730.4921999999933 76020.0078000000067 75307.2030999999988 74591.9219000000012 73875.875 73161.4061999999976 72447.4453000000067 71731.0155999999988 71014.4921999999933 70302.5703000000067 69592.9530999999988 68884.0311999999976 68179.4453000000067 67472.6484000000055 66754.8438000000024 66029.2188000000024 65299.8867000000027 64568.7030999999988
94587.3125 93880.2188000000024 93169.3125 92449.6015999999945 91723.4375 90999.6094000000012 90283.2655999999988 89570.0859000000055 88854.125 88133.7344000000012 87412.8515999999945 86696.2344000000012 85983.0546999999933 85272.6484000000055 84564.3125 83854.5859000000055 83142.6719000000012 82429.8905999999988 81716.4453000000067 81003.8125 80294.5625 79587.2969000000012 78878.875 78168.5546999999933 77458 76748.7030999999988 76039.8125 75330.5390999999945 74619.9296999999933 73906.6875 73192.5938000000024 72479.0546999999933 71763.875 71045.5625 70327.3046999999933 69613.0938000000024 68900.7734000000055 68190.4453000000067 67485.0469000000012 66782.0311999999976 66073.9688000000024 65354.8047000000006 64629.6601999999984 63903.5
93884.8671999999933 93175.8125 92465.3125 91745.8125 91020.5311999999976 90299.375 89585.6015999999945 88875.0859000000055 88161.8594000000012 87443.1015999999945 86722.1405999999988 86004.1796999999933 85290.6875 84582.2655999999988 83877.25 83171.0311999999976 82461.7421999999933 81749.2030999999988 81033.2734000000055 80317.3905999999988 79605.5234000000055 78896.6405999999988 78187.7655999999988 77477.875 76767.7188000000024 76057.9140999999945 75348.4921999999933 74639.7030999999988 73930.6719000000012 73220.0390999999945 72508.8905999999988 71796.6953000000067 71080.7811999999976 70361.6875 69642.3438000000024 68925.5703000000067 68210.9844000000012 67499.3125 66791.6640999999945 66085.0780999999988 65379.6797000000006 64673.8789000000033 63961.3983999999982 63239.7851999999984
93182.5546999999933 92471.0234000000055 91758.7109000000055 91038.7655999999988 90316.0625 89598.4530999999988 88886.6015999999945 88177.9375 87467.2578000000067 86750.4061999999976 86029.3828000000067 85309.9765999999945 84596.6875 83890.3905999999988 83187.0780999999988 82483.4061999999976 81778.1719000000012 81067.6640999999945 80350.5311999999976 79632.0234000000055 78916.6094000000012 78204.3594000000012 77494.0938000000024 76784.4219000000012 76074.9375 75365.7655999999988 74656.6484000000055 73948.5234000000055 73240.8515999999945 72531.7890999999945 71822.5703000000067 71112.6328000000067 70398.0859000000055 69678.3515999999945 68957.1405999999988 68238.2734000000055 67522.9140999999945 66810.75 66099.5859000000055 65389.0507999999973 64683.0117000000027 63984.9452999999994 63286.8398000000016 62573.9570000000022
92483.3280999999988 91769.8359000000055 91054.9219000000012 90334.2030999999988 89613.4530999999988 88898.0938000000024 88187.1640999999945 87479.0859000000055 86769.6171999999933 86054.4530999999988 85334.375 84614.5 83900.9219000000012 83195.2811999999976 82492.9219000000012 81790.4061999999976 81086.3594000000012 80376.7188000000024 79659.7734000000055 78940.5 78223.2109000000055 77508.4219000000012 76796.8046999999933 76087.7655999999988 75380.0311999999976 74672.1484000000055 73963.2811999999976 73255.5311999999976 72548.8438000000024 71841.4061999999976 71134.0155999999988 70425.9609000000055 69713.2655999999988 68993.8280999999988 68271.3905999999988 67551.1875 66835.0625 66121.5 65407.3905999999988 64694.9726999999984 63990.4570000000022 63293.9844000000012 62599.9844000000012 61897.6914000000033
91789.6405999999988 91073.3438000000024 90355.7578000000067 89635.0780999999988 88914.8515999999945 88199.2109000000055 87488.2578000000067 86780.2030999999988 86070.8515999999945 85356.4921999999933 84637.6484000000055 83918.1796999999933 83203.75 82497.125 81794.5234000000055 81092.2030999999988 80387.9688000000024 79678.3203000000067 78962.3438000000024 78243.7578000000067 77525.3671999999933 76808.6796999999933 76096.5155999999988 75388.6875 74683.0155999999988 73976.3125 73267.8438000000024 72560.4061999999976 71854.2421999999933 71149.0938000000024 70444.1094000000012 69736.7655999999988 69024.6719000000012 68306.4921999999933 67584.875 66864.4921999999933 66147.1171999999933 65431.3047000000006 64715.8164000000033 64004.0898000000016 63301.3554999999978 62605.5820000000022 61909.8202999999994 61210.0391000000018
91102.2421999999933 90384.1561999999976 89663.7811999999976 88941.8671999999933 88220.6171999999933 87503.5469000000012 86791.7734000000055 86083.2421999999933 85373.7811999999976 84659.3046999999933 83940.3984000000055 83220.875 82505.8359000000055 81798.1171999999933 81093.9296999999933 80390.7969000000012 79687.0469000000012 78977.8280999999988 78262.8046999999933 77545.3984000000055 76826.6015999999945 76108.6484000000055 75396 74689.0469000000012 73984.7578000000067 73279 72571.5625 71864.9296999999933 71159.8125 70457.1094000000012 69754.1640999999945 69047.0780999999988 68334.5938000000024 67617.1953000000067 66897.3280999999988 66177.3203000000067 65458.1757999999973 64740.5742000000027 64025.4608999999982 63315.5664000000033 62614.3358999999982 61918.7811999999976 61221.4726999999984 60518.6327999999994
90416.8984000000055 89699.6405999999988 88977.8515999999945 88253.25 87529.5625 86811.2578000000067 86098.6094000000012 85389.1796999999933 84679.4140999999945 83964.6171999999933 83244.5469000000012 82523.5780999999988 81807.4140999999945 81098.4219000000012 80392.8594000000012 79688.9219000000012 78985.3125 78276.7734000000055 77562.5780999999988 76845.875 76127.4921999999933 75409.7421999999933 74697.1171999999933 73991.0938000000024 73287.9530999999988 72582.5938000000024 71875.5311999999976 71169.7811999999976 70466.6094000000012 69766.1796999999933 69064.3671999999933 68357.0311999999976 67644.3671999999933 66928.1171999999933 66209.5 65488.9101999999984 64767.4922000000006 64048.2655999999988 63333.5938000000024 62625.2460999999967 61925.0351999999984 61228.9061999999976 60530.3827999999994 59826.3905999999988
89728.5155999999988 89012.7578000000067 88291.5311999999976 87565.75 86840.1953000000067 86120.9921999999933 85407.9453000000067 84698.0625 83987.4530999999988 83271.6640999999945 82550.0859000000055 81827.0780999999988 81108.9453000000067 80397.8280999999988 79691.2344000000012 78987.1171999999933 78282.9921999999933 77574.5469000000012 76860.9296999999933 76144.0780999999988 75425.3438000000024 74708.6953000000067 73998.3438000000024 73294.3594000000012 72592.6719000000012 71887.9219000000012 71180.7265999999945 70475.1875 69773.5234000000055 69075.2578000000067 68374.625 67666.9921999999933 66954.3515999999945 66239.2421999999933 65521.2188000000024 64799.4452999999994 64075.9179999999978 63355.0077999999994 62639.8983999999982 61932.1327999999994 61231.7733999999982 60534.5702999999994 59835.7108999999982 59132.6132999999973
89035.1719000000012 88320.7030999999988 87600.8125 86876.375 86151.625 85432.0625 84718.4061999999976 84008.2969000000012 83296.4453000000067 82578.4844000000012 81854.7578000000067 81129.9375 80409.6953000000067 79695.8828000000067 78988.2030999999988 78284.8594000000012 77581.3594000000012 76873.1561999999976 76159.3438000000024 75441 74719.9375 74003.2265999999945 73296.1328000000067 72595.7811999999976 71897.1015999999945 71194.5234000000055 70487.8046999999933 69781.7109000000055 69080.0546999999933 68383.5155999999988 67685.0234000000055 66978.4765999999945 66265.875 65550.75 64833.1875 64110.5938000000024 63384.5469000000012 62661.2655999999988 61945.125 61237.0938000000024 60536.0311999999976 59838.8827999999994 59140.1914000000033 58437.2891000000018
