Helmut.asc
ncols 241
nrows 191
xllcorner 753500
yllcorner 7104500
cellsize 1000
nodata_value 1.00000000000000002E+30
[rows 152 to 170 of 191, columns 0 to 43 of 241]
139683.875 139392.265600000013 138808.531199999998 138221.8125 137632.6875 137044.156199999998 136453.8125 135859.265600000013 135262.765600000013 134666.343800000002 134068.281199999998 133468.4375 132871.5625 132280.093800000002 131692.390600000013 131106.218800000002 130520.523400000005 129935.078099999999 129349.351599999995 128763.593800000002 128178.125 127593.257800000007 127009.132800000007 126424.4375 125838.171900000001 125250.757800000007 124662.023400000005 124070.6875 123477.976599999995 122886.859400000001 122297.390599999999 121706.671900000001 121113.359400000001 120520.375 119930.132800000007 119341.171900000001 118750.875 118159.890599999999 117571.367199999993 116985.898400000005 116400.875 115815.039099999995 115230.203099999999 114646.640599999999
138879.390600000013 138587.0625 138001.75 137414.265600000013 136825.171899999987 136235.656199999998 135643.125 135046.343800000002 134448.593800000002 133851.031199999998 133252.0625 132653.406199999998 132058.796899999987 131468.781199999998 130881.765599999999 130296.203099999999 129711.210900000005 129126.359400000001 128541.031199999998 127955.265599999999 127369.0625 126783.156199999998 126198.359400000001 125612.875 125025.484400000001 124437.148400000005 123847.289099999995 123254.734400000001 122662.1875 122072.179699999993 121482.914099999995 120891.515599999999 120298.398400000005 119707.218800000002 119118.976599999995 118530.781199999998 117940.210900000005 117349.132800000007 116760.625 116174.6875 115589.492199999993 115004.429699999993 114420.726599999995 113837.820300000007
138073.468800000002 137780.906199999998 137195.25 136607.625 136017.906199999998 135427.125 134832.203100000013 134232.031199999998 133633.156199999998 133036.171899999987 132437.296899999987 131839.5625 131246.515600000013 130657.640599999999 130071.281199999998 129486.046900000001 128901.1875 128316.234400000001 127730.718800000002 127144.406199999998 126557.398400000005 125971.179699999993 125386.156199999998 124799.671900000001 124211.343800000002 123622.796900000001 123032.6875 122440.210900000005 121848.390599999999 121258.640599999999 120668.554699999993 120076.593800000002 119484.570300000007 118895.148400000005 118307.671900000001 117719.1875 117128.656199999998 116538.429699999993 115950.664099999995 115364.593800000002 114778.835900000005 114193.906199999998 113610.835900000005 113028.531199999998
137269.421899999987 136976.156199999998 136389.703100000013 135801.593800000002 135210.843800000002 134618.093800000002 134019.656199999998 133416.843800000002 132818.0625 132221.906199999998 131623.765600000013 131026.914099999995 130434.484400000001 129846.070300000007 129259.984400000001 128674.6875 128089.578099999999 127504.359400000001 126918.640599999999 126332.218800000002 125745.5 125159.585900000005 124574.218800000002 123987.203099999999 123398.609400000001 122809.718800000002 122219.078099999999 121626.390599999999 121034.539099999995 120444.460900000005 119854.0625 119262.492199999993 118671.648400000005 118082.898400000005 117494.843800000002 116905.757800000007 116316.531199999998 115728.710900000005 115142.125 114555.781199999998 113969.093800000002 113383.429699999993 112800.109400000001 112218.351599999995
136465.9375 136171.75 135583.4375 134993.8125 134402.546899999987 133807.656199999998 133205.5625 132602.25 132004.25 131408.359399999987 130811.265599999999 130214.906199999998 129622.617199999993 129034.570300000007 128448.523400000005 127863.093800000002 127277.781199999998 126692.335900000005 126106.5625 125520.468800000002 124934.484400000001 124349.140599999999 123763.984400000001 123177 122587.765599999999 121997.445300000007 121405.507800000007 120812.1875 120220.140599999999 119630.539099999995 119041.25 118450.632800000007 117860.1875 117270.796900000001 116681.421900000001 116092.296900000001 115505.218800000002 114920.023400000005 114334.507800000007 113747.718800000002 113160.242199999993 112573.656199999998 111989.335900000005 111407.3125
135626.9375 135348.875 134775.656199999998 134184.640600000013 133592.765600000013 132995.0625 132390.218800000002 131788.3125 131191.656199999998 130595.867199999993 129999.171900000001 129403.078099999999 128811.328099999999 128223.671900000001 127637.789099999995 127052.578099999999 126467.156199999998 125881.164099999995 125294.953099999999 124708.976599999995 124123.421900000001 123538.539099999995 122953.6875 122366.367199999993 121775.867199999993 121184.031199999998 120591.351599999995 119998.093800000002 119406.484400000001 118817.820300000007 118229.835900000005 117640.093800000002 117049.414099999995 116458.828099999999 115868.5 115280.210900000005 114695.406199999998 114112.015599999999 113527.1875 112940.281199999998 112352.25 111764.796900000001 111179.046900000001 110595.531199999998
134746.6875 134500.25 133962.171899999987 133374.843800000002 132782.171899999987 132181.781199999998 131575.75 130975.335900000005 130379.632800000007 129783.453099999999 129186.5625 128591.476599999995 128000.718800000002 127413.335900000005 126827.757800000007 126242.585900000005 125656.640599999999 125069.984400000001 124483.343800000002 123897.1875 123311.554699999993 122726.460900000005 122141.078099999999 121553.023400000005 120961.859400000001 120369.679699999993 119777.023400000005 119184.218800000002 118593.296900000001 118005.25 117417.984400000001 116828.890599999999 116237.921900000001 115646.453099999999 115056.265599999999 114469.343800000002 113886.046900000001 113303.8125 112719.984400000001 112133.406199999998 111544.421900000001 110955.734400000001 110368.867199999993 109783.929699999993
133857.625 133626.078100000013 133126.781199999998 132563.906199999998 131971.375 131369.921899999987 130763.25 130162.9375 129567.257800000007 128970.476599999995 128373.718800000002 127780.367199999993 127191.031199999998 126604.046900000001 126018.468800000002 125432.8125 124846.070300000007 124258.742199999993 123671.484400000001 123084.570300000007 122498.304699999993 121912.851599999995 121327.054699999993 120738.968800000002 120148.398400000005 119556.1875 118962.601599999995 118369.375 117778.921900000001 117191.664099999995 116605.234400000001 116016.710900000005 115425.882800000007 114834.5625 114245.156199999998 113659.195300000007 113076.296900000001 112494.898400000005 111912.859400000001 111327.140599999999 110736.75 110146.101599999995 109558.640599999999 108973.546900000001
132965.703100000013 132733.875 132262.828100000013 131740.890600000013 131160.906199999998 130559.492199999993 129952.226599999995 129351.031199999998 128754.906199999998 128157.796900000001 127561.3125 126969.609400000001 126381.976599999995 125795.6875 125209.867199999993 124623.406199999998 124035.398400000005 123446.429699999993 122857.867199999993 122270.328099999999 121683.929699999993 121098.8125 120513.734400000001 119926.679699999993 119336.640599999999 118742.976599999995 118147.109400000001 117553.320300000007 116964.015599999999 116378 115792.367199999993 115204.593800000002 114614.484400000001 114023.710900000005 113434.781199999998 112849.195300000007 112266.531199999998 111686.148400000005 111105.757800000007 110520.546900000001 109929.148400000005 109336.742199999993 108748.289099999995 108163.265599999999
132073.5625 131842.218800000002 131380.546899999987 130899.179699999993 130350.218800000002 129748.156199999998 129141.218800000002 128539.781199999998 127942.906199999998 127345.585900000005 126749.539099999995 126159.015599999999 125572.546900000001 124986.921900000001 124400.9375 123813.218800000002 123223.054699999993 122632.164099999995 122043.25 121456.507800000007 120870.8125 120285.968800000002 119701.132800000007 119114.507800000007 118523.718800000002 117927.625 117330.601599999995 116738.382800000007 116150.960900000005 115565.546900000001 114980.289099999995 114393.375 113803.8125 113213.140599999999 112624.445300000007 112039.304699999993 111457.375 110878.101599999995 110298.171900000001 109712.593800000002 109120.8125 108527.390599999999 107937.304699999993 107351.757800000007
131182.609399999987 130952.335900000005 130492.234400000001 130031.609400000001 129519.843800000002 128934.742199999993 128329.320300000007 127729.031199999998 127131.140599999999 126533.343800000002 125938.226599999995 125348.671900000001 124762.617199999993 124177.210900000005 123590.890599999999 123001.75 122410.023400000005 121819.093800000002 121231.468800000002 120645.890599999999 120060.531199999998 119474.773400000005 118888.429699999993 118300.492199999993 117707.734400000001 117110.242199999993 116514.960900000005 115925.875 115339.945300000007 114754.671900000001 114169.765599999999 113583.445300000007 112993.867199999993 112403.078099999999 111814.656199999998 111229.976599999995 110648.976599999995 110070.1875 109489.460900000005 108903.1875 108311.695300000007 107718.007800000007 107126.484400000001 106540.484400000001
130292.390599999999 130063.125 129604.406199999998 129143.523400000005 128661.210900000005 128113.6875 127517.476599999995 126918.453099999999 126319.304699999993 125721.320300000007 125127.593800000002 124538.953099999999 123952.992199999993 123367.273400000005 122780.078099999999 122190.179699999993 121599 121009.593800000002 120422.796900000001 119837.25 119251.406199999998 118664.453099999999 118076.703099999999 117486.859400000001 116891.625 116294.070300000007 115701.835900000005 115115.179699999993 114530.218800000002 113945.5625 113360.6875 112773.867199999993 112183.820300000007 111593.132800000007 111005.0625 110420.851599999995 109840.546900000001 109261.507800000007 108679.406199999998 108092.609400000001 107502.25 106909.984400000001 106319.015599999999 105732.968800000002
129402.601599999995 129173.781199999998 128715.164099999995 128251.953099999999 127780.281199999998 127273.515599999999 126706.296900000001 126107.234400000001 125506.835900000005 124909.507800000007 124317.375 123729.398400000005 123143.367199999993 122556.960900000005 121968.9375 121379.5 120790.242199999993 120202.281199999998 119615.671900000001 119029.890599999999 118443.421900000001 117855.734400000001 117267.25 116675.476599999995 116078.351599999995 115481.781199999998 114891.742199999993 114305.640599999999 113720.578099999999 113136.25 112551.109400000001 111962.953099999999 111371.742199999993 110780.9375 110193.601599999995 109610.554699999993 109030.992199999993 108451.390599999999 107868.093800000002 107281.281199999998 106692.625 106102.960900000005 105514.273400000005 104928.304699999993
128512.195300000007 128283.054699999993 127823.117199999993 127358.0625 126886.265599999999 126407.015599999999 125880.703099999999 125294.914099999995 124693.718800000002 124097.421900000001 123506.820300000007 122919.320300000007 122332.765599999999 121745.695300000007 121157.828099999999 120569.796900000001 119982.640599999999 119395.890599999999 118809.679699999993 118224.296900000001 117638.132800000007 117050.367199999993 116460.6875 115866.5625 115268.515599999999 114673.5 114084.148400000005 113496.859400000001 112910.570300000007 112325.703099999999 111740.304699999993 111151.0625 110558.1875 109966.781199999998 109380.414099999995 108798.843800000002 108220.1875 107640.421900000001 107056.609400000001 106470.343800000002 105883.234400000001 105295.148400000005 104707.632800000007 104121.570300000007
127619.328099999999 127389.570300000007 126928.726599999995 126463.265599999999 125992.132800000007 125520.265599999999 125032.531199999998 124480.218800000002 123881 123285.796900000001 122696.007800000007 122108.484400000001 121521.804699999993 120935.218800000002 120348.195300000007 119761.304699999993 119175.335900000005 118589.281199999998 118003.203099999999 117418.117199999993 116833.148400000005 116246.351599999995 115655.718800000002 115059.734400000001 114461.625 113867.617199999993 113277.781199999998 112689.015599999999 112101.578099999999 111515.945300000007 110929.968800000002 110339.828099999999 109745.8125 109153.992199999993 108567.976599999995 107987.125 107409.25 106829.718800000002 106245.898400000005 105659.984400000001 105073.421900000001 104485.703099999999 103898.101599999995 103311.734400000001
126724.671900000001 126494.609400000001 126033.609400000001 125567.921900000001 125097.296900000001 124627.093800000002 124157.718800000002 123645.078099999999 123068.906199999998 122474.757800000007 121884.828099999999 121296.828099999999 120710.851599999995 120126 119540.453099999999 118954.5 118368.429699999993 117781.914099999995 117195.390599999999 116609.781199999998 116024.921900000001 115438.4375 114847.460900000005 114251.515599999999 113654.859400000001 113061.843800000002 112471.4375 111881.835900000005 111293.906199999998 110707.703099999999 110120.718800000002 109529.671900000001 108935.539099999995 108343.882800000007 107757.648400000005 107177 106599.492199999993 106019.546900000001 105435.218800000002 104848.75 104261.6875 103674.070300000007 103086.453099999999 102500.031199999998
125831.3125 125600.773400000005 125138.539099999995 124672.0625 124202.546900000001 123733.703099999999 123264 122782.171900000001 122247.031199999998 121662.656199999998 121073.406199999998 120486.585900000005 119901.484400000001 119317.531199999998 118733.406199999998 118148.25 117561.609400000001 116974.140599999999 116386.328099999999 115798.75 115211.843800000002 114624.046900000001 114033.265599999999 113439.523400000005 112846.007800000007 112254.6875 111664.1875 111074.25 110486.281199999998 109899.601599999995 109311.546900000001 108720.390599999999 108127.4375 107536.507800000007 106950.296900000001 106369.625 105791.218800000002 105209.515599999999 104623.859400000001 104036.656199999998 103449.226599999995 102861.507800000007 102273.828099999999 101687.789099999995
124941.398400000005 124709.3125 124244.171900000001 123776.593800000002 123308.015599999999 122839.664099999995 122369.656199999998 121898.781199999998 121404.234400000001 120850.234400000001 120263.335900000005 119679.593800000002 119095.875 118511.3125 117926.554699999993 117340.8125 116753.617199999993 116165.007800000007 115575.078099999999 114984.882800000007 114395.492199999993 113806.671900000001 113217.171900000001 112626.3125 112035.609400000001 111445.585900000005 110855.414099999995 110265.8125 109677.5625 109089.8125 108501.351599999995 107911.906199999998 107321.593800000002 106732.078099999999 106146.335900000005 105564.765599999999 104983.4375 104398.8125 103811.781199999998 103224.406199999998 102637.156199999998 102049.578099999999 101462.140599999999 100876.585900000005
124053.593800000002 123819.421900000001 123350.710900000005 122881.664099999995 122413.429699999993 121945.1875 121475.007800000007 121004.671900000001 120535.085900000005 120023.328099999999 119455.343800000002 118873.734400000001 118290.773400000005 117704.890599999999 117118.25 116531.468800000002 115943.546900000001 115353.4375 114761.773400000005 114170.429699999993 113580.203099999999 112991.468800000002 112403.195300000007 111813.835900000005 111224.140599999999 110634.6875 110045.375 109456.296900000001 108866.531199999998 108276.796900000001 107689.125 107103.0625 106516.507800000007 105929.484400000001 105344.289099999995 104760.593800000002 104175.398400000005 103587.921900000001 102999.703099999999 102411.914099999995 101824.671900000001 101237.6875 100651.273400000005 100066.218800000002
