Helmut.asc
ncols 241
nrows 191
xllcorner 753500
yllcorner 7104500
cellsize 1000
nodata_value 1.00000000000000002E+30
[rows 95 to 113 of 191, columns 176 to 219 of 241]
74972.1484000000055 74261.5780999999988 73546.75 72831.2578000000067 72120.75 71413.6953000000067 70704.1405999999988 69992.1719000000012 69283.3280999999988 68580 67883.2890999999945 67196.6171999999933 66512.3438000000024 65814.1328000000067 65102.4688000000024 64389.2811999999976 63678.8789000000033 62968.6445000000022 62257.5195000000022 61547.9061999999976 60840.7695000000022 60133.3827999999994 59420.4375 58703.1875 57990.0155999999988 57282.9804999999978 56575.2460999999967 55862.5858999999982 55148.4219000000012 54434.2344000000012 53728.8085999999967 53038.9375 52346.6367000000027 51642.7733999999982 50936.9101999999984 50235.9530999999988 49535.9688000000024 48824.5351999999984 48100.3632999999973 47371.8594000000012 46639.4141000000018 45903.4219000000012 45178.1094000000012 44461.4297000000006
74275.3359000000055 73562.8671999999933 72846.2811999999976 72132.3984000000055 71424.3671999999933 70716.3203000000067 70002.7421999999933 69288.5 68582.6484000000055 67887.2344000000012 67200.8359000000055 66519.3515999999945 65830.1328000000067 65124.8632999999973 64410.7344000000012 63697.6835999999967 62986.8125 62275.1992000000027 61563.2030999999988 60852.2617000000027 60141.8125 59430.7891000000018 58717.7108999999982 58004.4335999999967 57296 56590.4530999999988 55880.1797000000006 55164.1641000000018 54449.2070000000022 53737.6835999999967 53035.4492000000027 52347.3905999999988 51657.3594000000012 50956.5155999999988 50250.9375 49544.2460999999967 48836.0742000000027 48120.9219000000012 47398.7422000000006 46671.9297000000006 45937.4570000000022 45199.9766000000018 44477.0858999999982 43761.8398000000016
73578.0311999999976 72863.6328000000067 72146.6561999999976 71434.8671999999933 70727.8359000000055 70017.6719000000012 69300.7890999999945 68585.4219000000012 67883.5 67197.5 66519.4061999999976 65835.7655999999988 65137.1054999999978 64426.6952999999994 63713.8867000000027 63003.0233999999982 62292.4061999999976 61580.5858999999982 60868.8710999999967 60157.2811999999976 59444.0664000000033 58730.0547000000006 58016.8320000000022 57306.1641000000018 56600.5351999999984 55895.5898000000016 55182.9530999999988 54464.375 53749.4492000000027 53040.875 52342.8632999999973 51657.4922000000006 50969.6719000000012 50270.1210999999967 49560.9492000000027 48846.6641000000018 48131.7891000000018 47414.5547000000006 46693.7695000000022 45966.9726999999984 45233.3554999999978 44501.4257999999973 43779.0742000000027 43060.5155999999988
72878.9530999999988 72163.9375 71447.8203000000067 70737.5390999999945 70030.125 69317.5938000000024 68598.8203000000067 67884.3046999999933 67187.0469000000012 66508.2655999999988 65833.0469000000012 65143.6445000000022 64437.8438000000024 63725.875 63015.9257999999973 62307.9452999999994 61598.3438000000024 60887.3594000000012 60176.4648000000016 59464.0664000000033 58748.4804999999978 58032.9766000000018 57321.0507999999973 56612.3632999999973 55905.0858999999982 55195.5547000000006 54480.6094000000012 53764.1016000000018 53051.4375 52344.6992000000027 51650.3710999999967 50966.4648000000016 50278.6327999999994 49578.3164000000033 48865.2969000000012 48147.0391000000018 47429.6405999999988 46711.1561999999976 45989.1952999999994 45261.8789000000033 44532.2851999999984 43804.3827999999994 43077.1561999999976 42349.4335999999967
72179 71464.3203000000067 70749.6094000000012 70040.0938000000024 69331.6640999999945 68617.0155999999988 67897.4530999999988 67184.8671999999933 66492.3280999999988 65818.5311999999976 65142.6132999999973 64447.5469000000012 63737.8672000000006 63026.6210999999967 62319.8125 61614.3125 60905.9375 60195.4608999999982 59484.5702999999994 58771.6797000000006 58055.0898000000016 57339.5547000000006 56630.1094000000012 55922.5858999999982 55210.4688000000024 54493.9804999999978 53778.1054999999978 53066.2891000000018 52355.2148000000016 51647.4141000000018 50954.8905999999988 50271.4648000000016 49581.8280999999988 48880.2577999999994 48166.4688000000024 47447.5625 46728.75 46009.6367000000027 45286.6952999999994 44559.6679999999978 43834.9335999999967 43108.8202999999994 42377.6405999999988 41645.9648000000016
71479.1015999999945 70764.8280999999988 70051.6015999999945 69342.5311999999976 68632.6328000000067 67916.4140999999945 67197.6640999999945 66488.7890999999945 65801.9375 65131.3516000000018 64452.2226999999984 63752.0898000000016 63040.8476999999984 62331.4570000000022 61626.6483999999982 60920.9219000000012 60211.875 59501.4570000000022 58790.3983999999982 58077.5938000000024 57362.9452999999994 56650.5585999999967 55942.3983999999982 55232.1094000000012 54514.4804999999978 53793.9766000000018 53078.375 52367.7030999999988 51654.8945000000022 50945.3516000000018 50253.2733999999982 49571.1016000000018 48882.1797000000006 48181.2655999999988 47468.4492000000027 46748.4179999999978 46027.0625 45307.8827999999994 44586.0429999999978 43860.4530999999988 43138.1405999999988 42411.875 41678.6483999999982 40946.5233999999982
70779.2734000000055 70065.5311999999976 69353.9765999999945 68645.5311999999976 67934.2030999999988 67217.3280999999988 66501.7030999999988 65800.4219000000012 65121.0547000000006 64449.9688000000024 63764.6719000000012 63060.4101999999984 62349.0547000000006 61641.1483999999982 60935.6094000000012 60226.6132999999973 59515.1327999999994 58804.7655999999988 58095.0547000000006 57384.6445000000022 56675.1835999999967 55967.7148000000016 55256.8827999999994 54538.6405999999988 53816.0273000000016 53094.2030999999988 52377.2811999999976 51663.1719000000012 50947.3280999999988 50238.4141000000018 49547.8358999999982 48867.5858999999982 48182.6875 47485.2188000000024 46772.3202999999994 46049.0077999999994 45325.8476999999984 44607.6875 43887.8632999999973 43164.1327999999994 42440.2148000000016 41710.2811999999976 40976.4608999999982 40247.0938000000024
70078.2811999999976 69366.0234000000055 68657.6561999999976 67951.3203000000067 67240.1875 66524.8828000000067 65816.0780999999988 65125.3398000000016 64450.4061999999976 63772.7422000000006 63079.1445000000022 62372.3047000000006 61662.0117000000027 60953.9922000000006 60245.3047000000006 59532.7655999999988 58819.3983999999982 58109.2539000000033 57402.3983999999982 56696.9960999999967 55992.5858999999982 55285.8125 54568.2891000000018 53841.7266000000018 53115.9570000000022 52393.0820000000022 51673.2577999999994 50955.6992000000027 50238.6797000000006 49531.1835999999967 48842.2108999999982 48164.9530999999988 47485.6367000000027 46791.3983999999982 46076.2811999999976 45349.9061999999976 44627.3242000000027 43910.5077999999994 43191.4844000000012 42467.9297000000006 41740.25 41006.1719000000012 40272.6719000000012 39548.125
69375.9375 68666.0390999999945 67962.5078000000067 67260.7734000000055 66553.8125 65845.3438000000024 65146.9101999999984 64463.25 63783.3945000000022 63093.5858999999982 62392.8632999999973 61686.3672000000006 60977.8047000000006 60267.6601999999984 59554.6327999999994 58839.4257999999973 58124.9375 57414.7108999999982 56709.9492000000027 56008.1405999999988 55305.7655999999988 54597 53874.6992000000027 53144.1875 52415.9297000000006 51690.6797000000006 50968.625 50249.8554999999978 49533.9570000000022 48827.8789000000033 48139.8789000000033 47466.875 46792.2030999999988 46096.7733999999982 45377.6914000000033 44651.2773000000016 43930.8320000000022 43213.8476999999984 42493.5858999999982 41768.0780999999988 41037.3398000000016 40303.1016000000018 39572.5625 38854.0780999999988
68674.7188000000024 67966.5780999999988 67266.6561999999976 66570.75 65872.6328000000067 65175.5351999999984 64485.5039000000033 63800.0858999999982 63109.2539000000033 62409.3280999999988 61705.8476999999984 61000.9452999999994 60292.4804999999978 59578.9492000000027 58861.4375 58142.9375 57427.3476999999984 56717.1952999999994 56012.0273000000016 55309.875 54607.3554999999978 53898.2655999999988 53176.3672000000006 52446.1757999999973 51716.5233999999982 50989.5429999999978 50266.3789000000033 49547.5391000000018 48833.6797000000006 48129.2969000000012 47442.5507999999973 46772.3047000000006 46097.3672000000006 45396.8242000000027 44675.4766000000018 43952.3516000000018 43233.7108999999982 42515.0117000000027 41793.4922000000006 41068.1016000000018 40337.8710999999967 39605.7030999999988 38878.7811999999976 38165.6561999999976
67965.6405999999988 67270.4688000000024 66571.9140999999945 65880.0625 65190.3085999999967 64501.5469000000012 63813.4726999999984 63122.0547000000006 62423.8164000000033 61721.0742000000027 61017.6561999999976 60312.3202999999994 59601.8710999999967 58885.5585999999967 58164.5077999999994 57442.8827999999994 56727.2891000000018 56017.4023000000016 55309.3516000000018 54604.0273000000016 53900.1289000000033 53191.9375 52472.7577999999994 51744.1835999999967 51015.7226999999984 50290.2733999999982 49567.0938000000024 48848.4648000000016 48136.0664000000033 47433.875 46750.0780999999988 46078.3672000000006 45395.3632999999973 44689.3710999999967 43971.0585999999967 43253.3007999999973 42536.0351999999984 41815.9257999999973 41094.5077999999994 40372.5 39647.2422000000006 38917.6797000000006 38192.2382999999973 37483.3710999999967
67234.7969000000012 66569.8125 65883.2030999999988 65193.2188000000024 64506.9688000000024 63819.5938000000024 63128.3438000000024 62431.8358999999982 61731.4219000000012 61029.4882999999973 60325.9530999999988 59618.6483999999982 58906.0780999999988 58188.2733999999982 57465.7695000000022 56743.9804999999978 56029.4688000000024 55317.7891000000018 54604.2773000000016 53893.9608999999982 53188.4179999999978 52481.7695000000022 51765.3280999999988 51038.8710999999967 50312.7226999999984 49589.8202999999994 48868.0664000000033 48150.3398000000016 47439.0195000000022 46740.0858999999982 46059.9882999999973 45383.5117000000027 44689.0664000000033 43979.6289000000033 43267.3983999999982 42554.1601999999984 41836.5780999999988 41115.2188000000024 40395.2148000000016 39677.875 38959.1210999999967 38234.2460999999967 37511.8007999999973 36809.3867000000027
66488.7030999999988 65851.7109000000055 65194.8827999999994 64515.2070000000022 63828.3358999999982 63137.2577999999994 62439.7188000000024 61738.0429999999978 61035.7617000000027 60333.7929999999978 59629.2891000000018 58920.2070000000022 58206.6445000000022 57488.4766000000018 56766.75 56047.5469000000012 55334.0625 54618.8827999999994 53898.4844000000012 53181.3280999999988 52473.0195000000022 51767.9452999999994 51055.0585999999967 50332.9452999999994 49610.1835999999967 48889.7030999999988 48170.5547000000006 47453.7539000000033 46743.3945000000022 46048.9179999999978 45370.2030999999988 44686.0507999999973 43982.7304999999978 43272.4257999999973 42563.9297000000006 41850.7148000000016 41129.5039000000033 40406.6132999999973 39690.2266000000018 38980.0077999999994 38268.75 37550.1561999999976 36833.5507999999973 36139.3358999999982
65741.9530999999988 65119.2226999999984 64490.7577999999994 63835.8516000000018 63152.2030999999988 62453.8516000000018 61749.5820000000022 61043.7617000000027 60338.7811999999976 59634.6445000000022 58928.0938000000024 58217.3710999999967 57503.8358999999982 56787.1952999999994 56068.4257999999973 55352.3320000000022 54638.7422000000006 53920.125 53195.3554999999978 52473.0664000000033 51759.8047000000006 51053.9530999999988 50344.9061999999976 49627.7030999999988 48909.2030999999988 48192.625 47476.2188000000024 46759.9570000000022 46051.2891000000018 45360.1094000000012 44677.8867000000027 43984.0311999999976 43276.2811999999976 42566.9375 41857.0429999999978 41139.1094000000012 40414.2422000000006 39692.6835999999967 38982.7108999999982 38281.4414000000033 37579.0429999999978 36869.4452999999994 36162.625 35476.9179999999978
64997.0742000000027 64380.9375 63763.7539000000033 63131.2344000000012 62463.6875 61764.4061999999976 61055.8672000000006 60348.3358999999982 59641.7969000000012 58935.0625 58225.3280999999988 57512.1483999999982 56798.75 56085.8632999999973 55371.6327999999994 54656.2030999999988 53939.8242000000027 53219.0273000000016 52494.0702999999994 51771.1445000000022 51054.9608999999982 50346.2655999999988 49637.8164000000033 48923.2266000000018 48207.3358999999982 47493.5820000000022 46779.2811999999976 46066.8125 45363.9922000000006 44672.5702999999994 43980.9804999999978 43278.25 42569.3438000000024 41859.9023000000016 41145.7188000000024 40424.2226999999984 39700.4141000000018 38984.9297000000006 38283.2891000000018 37588.8672000000006 36892.8905999999988 36195.2655999999988 35504.1172000000006 34829.2030999999988
64250.2344000000012 63637.3983999999982 63021.3827999999994 62395.0625 61747.2539000000033 61065.8202999999994 60360.8007999999973 59652.3125 58945.0077999999994 58236.3632999999973 57523.7344000000012 56808.1641000000018 56094.7655999999988 55385.0311999999976 54673.75 53956.5585999999967 53235.2070000000022 52511.6719000000012 51787.6914000000033 51067.2851999999984 50352.3242000000027 49641.9530999999988 48932.4375 48218.9570000000022 47503.8164000000033 46790.2460999999967 46078.1641000000018 45374.0351999999984 44680.4061999999976 43986.0547000000006 43282.0547000000006 42571.8047000000006 41861.6483999999982 41149.9766000000018 40433.4726999999984 39713.9608999999982 38996.8672000000006 38291.0702999999994 37596.8202999999994 36903.2188000000024 36208.5547000000006 35523.1367000000027 34850.7655999999988 34189.7108999999982
63499.9375 62886.6835999999967 62269.4257999999973 61641.9141000000018 61003.4101999999984 60348.5351999999984 59663.8085999999967 58958.6016000000018 58250.2969000000012 57539.8007999999973 56824.8672000000006 56107.6289000000033 55394.2891000000018 54685.1914000000033 53972.9530999999988 53252.2851999999984 52523.9844000000012 51794.5233999999982 51071.3983999999982 50356.2811999999976 49645.3398000000016 48936.0625 48227.25 47515.4804999999978 46801.4061999999976 46088.0547000000006 45379.4061999999976 44683.0702999999994 43994.4141000000018 43295.2655999999988 42581.4530999999988 41866.2344000000012 41154.2030999999988 40439.7188000000024 39723.9844000000012 39011.0702999999994 38304.8202999999994 37609.8945000000022 36919.4608999999982 36221.9023000000016 35526.6797000000006 34852.1327999999994 34197.6641000000018 33549.7617000000027
62748.5469000000012 62133.25 61513.0664000000033 60884.8007999999973 60248.8320000000022 59607.4570000000022 58950.9375 58264.6367000000027 57558.2266000000018 56846.0311999999976 56129.1641000000018 55411.3242000000027 54698.0547000000006 53986.9882999999973 53270.0858999999982 52543.1367000000027 51808.0820000000022 51074.8516000000018 50354.2070000000022 49645.1679999999978 48939.2266000000018 48232.2108999999982 47524.1523000000016 46813.9179999999978 46101.8632999999973 45390.8632999999973 44686.1835999999967 43991.8438000000024 43299.8438000000024 42594.6719000000012 41877.0391000000018 41161.7108999999982 40448.3202999999994 39731.5858999999982 39018.7811999999976 38315.6483999999982 37623.1641000000018 36938.1289000000033 36248.1094000000012 35547.4726999999984 34855.8983999999982 34192.0039000000033 33549.0898000000016 32907.1367000000027
61999.2108999999982 61382.1914000000033 60758.625 60128.3594000000012 59493.8242000000027 58854.3476999999984 58210.5976999999984 57552.6289000000033 56863.3827999999994 56152.0507999999973 55434.9492000000027 54717.9608999999982 54004.7226999999984 53289.8047000000006 52565.7226999999984 51831.3125 51094.1172000000006 50364.3867000000027 49648.0077999999994 48942.5547000000006 48239.7733999999982 47534.0858999999982 46824.9335999999967 46114.4101999999984 45404.6483999999982 44697.5780999999988 43995.5117000000027 43297.8594000000012 42598.0077999999994 41888.0858999999982 41172.5664000000033 40459.6172000000006 39744.3983999999982 39027.7733999999982 38320.3085999999967 37628.3007999999973 36950.3202999999994 36272.125 35581.2344000000012 34885.0507999999973 34205.7655999999988 33552.6835999999967 32909.8398000000016 32261.7538999999997
